(kicad_pcb (version 20171130) (host pcbnew "(5.0.1)-3")

  (general
    (thickness 1.6)
    (drawings 0)
    (tracks 0)
    (zones 0)
    (modules 39)
    (nets 47)
  )

  (page A4)
  (layers
    (0 F.Cu signal)
    (31 B.Cu signal)
    (32 B.Adhes user)
    (33 F.Adhes user)
    (34 B.Paste user)
    (35 F.Paste user)
    (36 B.SilkS user)
    (37 F.SilkS user)
    (38 B.Mask user)
    (39 F.Mask user)
    (40 Dwgs.User user)
    (41 Cmts.User user)
    (42 Eco1.User user)
    (43 Eco2.User user)
    (44 Edge.Cuts user)
    (45 Margin user)
    (46 B.CrtYd user)
    (47 F.CrtYd user)
    (48 B.Fab user)
    (49 F.Fab user)
  )

  (setup
    (last_trace_width 0.25)
    (trace_clearance 0.2)
    (zone_clearance 0.508)
    (zone_45_only no)
    (trace_min 0.2)
    (segment_width 0.2)
    (edge_width 0.15)
    (via_size 0.8)
    (via_drill 0.4)
    (via_min_size 0.4)
    (via_min_drill 0.3)
    (uvia_size 0.3)
    (uvia_drill 0.1)
    (uvias_allowed no)
    (uvia_min_size 0.2)
    (uvia_min_drill 0.1)
    (pcb_text_width 0.3)
    (pcb_text_size 1.5 1.5)
    (mod_edge_width 0.15)
    (mod_text_size 1 1)
    (mod_text_width 0.15)
    (pad_size 1.524 1.524)
    (pad_drill 0.762)
    (pad_to_mask_clearance 0.051)
    (solder_mask_min_width 0.25)
    (aux_axis_origin 0 0)
    (visible_elements FFFFFF7F)
    (pcbplotparams
      (layerselection 0x010fc_ffffffff)
      (usegerberextensions false)
      (usegerberattributes false)
      (usegerberadvancedattributes false)
      (creategerberjobfile false)
      (excludeedgelayer true)
      (linewidth 0.100000)
      (plotframeref false)
      (viasonmask false)
      (mode 1)
      (useauxorigin false)
      (hpglpennumber 1)
      (hpglpenspeed 20)
      (hpglpendiameter 15.000000)
      (psnegative false)
      (psa4output false)
      (plotreference true)
      (plotvalue true)
      (plotinvisibletext false)
      (padsonsilk false)
      (subtractmaskfromsilk false)
      (outputformat 1)
      (mirror false)
      (drillshape 1)
      (scaleselection 1)
      (outputdirectory ""))
  )

  (net 0 "")
  (net 1 GND)
  (net 2 VCC)
  (net 3 "Net-(C6-Pad1)")
  (net 4 "Net-(C7-Pad1)")
  (net 5 /ToDebugConnector)
  (net 6 "Net-(C9-Pad1)")
  (net 7 "Net-(D1-Pad2)")
  (net 8 "Net-(D2-Pad1)")
  (net 9 "Net-(D2-Pad2)")
  (net 10 "Net-(D3-Pad1)")
  (net 11 "Net-(D3-Pad2)")
  (net 12 "Net-(D3-Pad3)")
  (net 13 "Net-(D3-Pad4)")
  (net 14 "Net-(D3-Pad5)")
  (net 15 "Net-(D3-Pad6)")
  (net 16 "Net-(D4-Pad2)")
  (net 17 "Net-(D4-Pad1)")
  (net 18 /USB_DM)
  (net 19 /USB_DP)
  (net 20 "Net-(J1-Pad4)")
  (net 21 "Net-(J2-Pad4)")
  (net 22 "Net-(J2-Pad3)")
  (net 23 "Net-(J2-Pad2)")
  (net 24 "Net-(J2-Pad1)")
  (net 25 /PA19)
  (net 26 /PA20)
  (net 27 "Net-(R1-Pad2)")
  (net 28 "Net-(R3-Pad2)")
  (net 29 "Net-(R3-Pad1)")
  (net 30 "Net-(R10-Pad2)")
  (net 31 /SDA)
  (net 32 /SCL)
  (net 33 "Net-(SW3-Pad1)")
  (net 34 /RXD_uC)
  (net 35 /TXD_uC)
  (net 36 "Net-(U1-Pad9)")
  (net 37 "Net-(U1-Pad10)")
  (net 38 "Net-(U1-Pad11)")
  (net 39 "Net-(U1-Pad12)")
  (net 40 "Net-(U1-Pad13)")
  (net 41 "Net-(U1-Pad14)")
  (net 42 "Net-(U1-Pad15)")
  (net 43 /ADC)
  (net 44 "Net-(U4-Pad3)")
  (net 45 "Net-(U4-Pad4)")
  (net 46 "Net-(VR1-Pad3)")

  (net_class Default "This is the default net class."
    (clearance 0.2)
    (trace_width 0.25)
    (via_dia 0.8)
    (via_drill 0.4)
    (uvia_dia 0.3)
    (uvia_drill 0.1)
    (add_net /ADC)
    (add_net /PA19)
    (add_net /PA20)
    (add_net /RXD_uC)
    (add_net /SCL)
    (add_net /SDA)
    (add_net /TXD_uC)
    (add_net /ToDebugConnector)
    (add_net /USB_DM)
    (add_net /USB_DP)
    (add_net GND)
    (add_net "Net-(C6-Pad1)")
    (add_net "Net-(C7-Pad1)")
    (add_net "Net-(C9-Pad1)")
    (add_net "Net-(D1-Pad2)")
    (add_net "Net-(D2-Pad1)")
    (add_net "Net-(D2-Pad2)")
    (add_net "Net-(D3-Pad1)")
    (add_net "Net-(D3-Pad2)")
    (add_net "Net-(D3-Pad3)")
    (add_net "Net-(D3-Pad4)")
    (add_net "Net-(D3-Pad5)")
    (add_net "Net-(D3-Pad6)")
    (add_net "Net-(D4-Pad1)")
    (add_net "Net-(D4-Pad2)")
    (add_net "Net-(J1-Pad4)")
    (add_net "Net-(J2-Pad1)")
    (add_net "Net-(J2-Pad2)")
    (add_net "Net-(J2-Pad3)")
    (add_net "Net-(J2-Pad4)")
    (add_net "Net-(R1-Pad2)")
    (add_net "Net-(R10-Pad2)")
    (add_net "Net-(R3-Pad1)")
    (add_net "Net-(R3-Pad2)")
    (add_net "Net-(SW3-Pad1)")
    (add_net "Net-(U1-Pad10)")
    (add_net "Net-(U1-Pad11)")
    (add_net "Net-(U1-Pad12)")
    (add_net "Net-(U1-Pad13)")
    (add_net "Net-(U1-Pad14)")
    (add_net "Net-(U1-Pad15)")
    (add_net "Net-(U1-Pad9)")
    (add_net "Net-(U4-Pad3)")
    (add_net "Net-(U4-Pad4)")
    (add_net "Net-(VR1-Pad3)")
    (add_net VCC)
  )

  (module Capacitor_SMD:C_0603_1608Metric_Pad1.05x0.95mm_HandSolder (layer F.Cu) (tedit 5B301BBE) (tstamp 5DA40053)
    (at 135.382 91.948)
    (descr "Capacitor SMD 0603 (1608 Metric), square (rectangular) end terminal, IPC_7351 nominal with elongated pad for handsoldering. (Body size source: http://www.tortai-tech.com/upload/download/2011102023233369053.pdf), generated with kicad-footprint-generator")
    (tags "capacitor handsolder")
    (path /5D7AE4EA)
    (attr smd)
    (fp_text reference C1 (at 0 -1.43) (layer F.SilkS)
      (effects (font (size 1 1) (thickness 0.15)))
    )
    (fp_text value 4.7uF (at 0 1.43) (layer F.Fab)
      (effects (font (size 1 1) (thickness 0.15)))
    )
    (fp_text user %R (at 0 0) (layer F.Fab)
      (effects (font (size 0.4 0.4) (thickness 0.06)))
    )
    (fp_line (start 1.65 0.73) (end -1.65 0.73) (layer F.CrtYd) (width 0.05))
    (fp_line (start 1.65 -0.73) (end 1.65 0.73) (layer F.CrtYd) (width 0.05))
    (fp_line (start -1.65 -0.73) (end 1.65 -0.73) (layer F.CrtYd) (width 0.05))
    (fp_line (start -1.65 0.73) (end -1.65 -0.73) (layer F.CrtYd) (width 0.05))
    (fp_line (start -0.171267 0.51) (end 0.171267 0.51) (layer F.SilkS) (width 0.12))
    (fp_line (start -0.171267 -0.51) (end 0.171267 -0.51) (layer F.SilkS) (width 0.12))
    (fp_line (start 0.8 0.4) (end -0.8 0.4) (layer F.Fab) (width 0.1))
    (fp_line (start 0.8 -0.4) (end 0.8 0.4) (layer F.Fab) (width 0.1))
    (fp_line (start -0.8 -0.4) (end 0.8 -0.4) (layer F.Fab) (width 0.1))
    (fp_line (start -0.8 0.4) (end -0.8 -0.4) (layer F.Fab) (width 0.1))
    (pad 2 smd roundrect (at 0.875 0) (size 1.05 0.95) (layers F.Cu F.Paste F.Mask) (roundrect_rratio 0.25)
      (net 1 GND))
    (pad 1 smd roundrect (at -0.875 0) (size 1.05 0.95) (layers F.Cu F.Paste F.Mask) (roundrect_rratio 0.25)
      (net 2 VCC))
    (model ${KISYS3DMOD}/Capacitor_SMD.3dshapes/C_0603_1608Metric.wrl
      (at (xyz 0 0 0))
      (scale (xyz 1 1 1))
      (rotate (xyz 0 0 0))
    )
  )

  (module Capacitor_SMD:C_0603_1608Metric_Pad1.05x0.95mm_HandSolder (layer F.Cu) (tedit 5B301BBE) (tstamp 5DA40064)
    (at 142.861 105.156)
    (descr "Capacitor SMD 0603 (1608 Metric), square (rectangular) end terminal, IPC_7351 nominal with elongated pad for handsoldering. (Body size source: http://www.tortai-tech.com/upload/download/2011102023233369053.pdf), generated with kicad-footprint-generator")
    (tags "capacitor handsolder")
    (path /5D7B4ED0)
    (attr smd)
    (fp_text reference C2 (at 0 -1.43) (layer F.SilkS)
      (effects (font (size 1 1) (thickness 0.15)))
    )
    (fp_text value 10nF (at 0 1.43) (layer F.Fab)
      (effects (font (size 1 1) (thickness 0.15)))
    )
    (fp_text user %R (at 0 0) (layer F.Fab)
      (effects (font (size 0.4 0.4) (thickness 0.06)))
    )
    (fp_line (start 1.65 0.73) (end -1.65 0.73) (layer F.CrtYd) (width 0.05))
    (fp_line (start 1.65 -0.73) (end 1.65 0.73) (layer F.CrtYd) (width 0.05))
    (fp_line (start -1.65 -0.73) (end 1.65 -0.73) (layer F.CrtYd) (width 0.05))
    (fp_line (start -1.65 0.73) (end -1.65 -0.73) (layer F.CrtYd) (width 0.05))
    (fp_line (start -0.171267 0.51) (end 0.171267 0.51) (layer F.SilkS) (width 0.12))
    (fp_line (start -0.171267 -0.51) (end 0.171267 -0.51) (layer F.SilkS) (width 0.12))
    (fp_line (start 0.8 0.4) (end -0.8 0.4) (layer F.Fab) (width 0.1))
    (fp_line (start 0.8 -0.4) (end 0.8 0.4) (layer F.Fab) (width 0.1))
    (fp_line (start -0.8 -0.4) (end 0.8 -0.4) (layer F.Fab) (width 0.1))
    (fp_line (start -0.8 0.4) (end -0.8 -0.4) (layer F.Fab) (width 0.1))
    (pad 2 smd roundrect (at 0.875 0) (size 1.05 0.95) (layers F.Cu F.Paste F.Mask) (roundrect_rratio 0.25)
      (net 1 GND))
    (pad 1 smd roundrect (at -0.875 0) (size 1.05 0.95) (layers F.Cu F.Paste F.Mask) (roundrect_rratio 0.25)
      (net 2 VCC))
    (model ${KISYS3DMOD}/Capacitor_SMD.3dshapes/C_0603_1608Metric.wrl
      (at (xyz 0 0 0))
      (scale (xyz 1 1 1))
      (rotate (xyz 0 0 0))
    )
  )

  (module Capacitor_SMD:C_0603_1608Metric_Pad1.05x0.95mm_HandSolder (layer F.Cu) (tedit 5B301BBE) (tstamp 5DA4107E)
    (at 142.099 99.822)
    (descr "Capacitor SMD 0603 (1608 Metric), square (rectangular) end terminal, IPC_7351 nominal with elongated pad for handsoldering. (Body size source: http://www.tortai-tech.com/upload/download/2011102023233369053.pdf), generated with kicad-footprint-generator")
    (tags "capacitor handsolder")
    (path /5D7AE5E0)
    (attr smd)
    (fp_text reference C3 (at 0 -1.43) (layer F.SilkS)
      (effects (font (size 1 1) (thickness 0.15)))
    )
    (fp_text value 100nF (at 0 1.43) (layer F.Fab)
      (effects (font (size 1 1) (thickness 0.15)))
    )
    (fp_line (start -0.8 0.4) (end -0.8 -0.4) (layer F.Fab) (width 0.1))
    (fp_line (start -0.8 -0.4) (end 0.8 -0.4) (layer F.Fab) (width 0.1))
    (fp_line (start 0.8 -0.4) (end 0.8 0.4) (layer F.Fab) (width 0.1))
    (fp_line (start 0.8 0.4) (end -0.8 0.4) (layer F.Fab) (width 0.1))
    (fp_line (start -0.171267 -0.51) (end 0.171267 -0.51) (layer F.SilkS) (width 0.12))
    (fp_line (start -0.171267 0.51) (end 0.171267 0.51) (layer F.SilkS) (width 0.12))
    (fp_line (start -1.65 0.73) (end -1.65 -0.73) (layer F.CrtYd) (width 0.05))
    (fp_line (start -1.65 -0.73) (end 1.65 -0.73) (layer F.CrtYd) (width 0.05))
    (fp_line (start 1.65 -0.73) (end 1.65 0.73) (layer F.CrtYd) (width 0.05))
    (fp_line (start 1.65 0.73) (end -1.65 0.73) (layer F.CrtYd) (width 0.05))
    (fp_text user %R (at 0 0) (layer F.Fab)
      (effects (font (size 0.4 0.4) (thickness 0.06)))
    )
    (pad 1 smd roundrect (at -0.875 0) (size 1.05 0.95) (layers F.Cu F.Paste F.Mask) (roundrect_rratio 0.25)
      (net 2 VCC))
    (pad 2 smd roundrect (at 0.875 0) (size 1.05 0.95) (layers F.Cu F.Paste F.Mask) (roundrect_rratio 0.25)
      (net 1 GND))
    (model ${KISYS3DMOD}/Capacitor_SMD.3dshapes/C_0603_1608Metric.wrl
      (at (xyz 0 0 0))
      (scale (xyz 1 1 1))
      (rotate (xyz 0 0 0))
    )
  )

  (module Capacitor_SMD:C_0603_1608Metric_Pad1.05x0.95mm_HandSolder (layer F.Cu) (tedit 5B301BBE) (tstamp 5DA40086)
    (at 142.494 91.44)
    (descr "Capacitor SMD 0603 (1608 Metric), square (rectangular) end terminal, IPC_7351 nominal with elongated pad for handsoldering. (Body size source: http://www.tortai-tech.com/upload/download/2011102023233369053.pdf), generated with kicad-footprint-generator")
    (tags "capacitor handsolder")
    (path /5D7B4E86)
    (attr smd)
    (fp_text reference C4 (at 0 -1.43) (layer F.SilkS)
      (effects (font (size 1 1) (thickness 0.15)))
    )
    (fp_text value 1uF (at 0 1.43) (layer F.Fab)
      (effects (font (size 1 1) (thickness 0.15)))
    )
    (fp_line (start -0.8 0.4) (end -0.8 -0.4) (layer F.Fab) (width 0.1))
    (fp_line (start -0.8 -0.4) (end 0.8 -0.4) (layer F.Fab) (width 0.1))
    (fp_line (start 0.8 -0.4) (end 0.8 0.4) (layer F.Fab) (width 0.1))
    (fp_line (start 0.8 0.4) (end -0.8 0.4) (layer F.Fab) (width 0.1))
    (fp_line (start -0.171267 -0.51) (end 0.171267 -0.51) (layer F.SilkS) (width 0.12))
    (fp_line (start -0.171267 0.51) (end 0.171267 0.51) (layer F.SilkS) (width 0.12))
    (fp_line (start -1.65 0.73) (end -1.65 -0.73) (layer F.CrtYd) (width 0.05))
    (fp_line (start -1.65 -0.73) (end 1.65 -0.73) (layer F.CrtYd) (width 0.05))
    (fp_line (start 1.65 -0.73) (end 1.65 0.73) (layer F.CrtYd) (width 0.05))
    (fp_line (start 1.65 0.73) (end -1.65 0.73) (layer F.CrtYd) (width 0.05))
    (fp_text user %R (at 0 0) (layer F.Fab)
      (effects (font (size 0.4 0.4) (thickness 0.06)))
    )
    (pad 1 smd roundrect (at -0.875 0) (size 1.05 0.95) (layers F.Cu F.Paste F.Mask) (roundrect_rratio 0.25)
      (net 2 VCC))
    (pad 2 smd roundrect (at 0.875 0) (size 1.05 0.95) (layers F.Cu F.Paste F.Mask) (roundrect_rratio 0.25)
      (net 1 GND))
    (model ${KISYS3DMOD}/Capacitor_SMD.3dshapes/C_0603_1608Metric.wrl
      (at (xyz 0 0 0))
      (scale (xyz 1 1 1))
      (rotate (xyz 0 0 0))
    )
  )

  (module Capacitor_SMD:C_0603_1608Metric_Pad1.05x0.95mm_HandSolder (layer F.Cu) (tedit 5B301BBE) (tstamp 5DA40097)
    (at 131.826 109.22)
    (descr "Capacitor SMD 0603 (1608 Metric), square (rectangular) end terminal, IPC_7351 nominal with elongated pad for handsoldering. (Body size source: http://www.tortai-tech.com/upload/download/2011102023233369053.pdf), generated with kicad-footprint-generator")
    (tags "capacitor handsolder")
    (path /5D7AE616)
    (attr smd)
    (fp_text reference C5 (at 0 -1.43) (layer F.SilkS)
      (effects (font (size 1 1) (thickness 0.15)))
    )
    (fp_text value 100nF (at 0 1.43) (layer F.Fab)
      (effects (font (size 1 1) (thickness 0.15)))
    )
    (fp_text user %R (at 0 0) (layer F.Fab)
      (effects (font (size 0.4 0.4) (thickness 0.06)))
    )
    (fp_line (start 1.65 0.73) (end -1.65 0.73) (layer F.CrtYd) (width 0.05))
    (fp_line (start 1.65 -0.73) (end 1.65 0.73) (layer F.CrtYd) (width 0.05))
    (fp_line (start -1.65 -0.73) (end 1.65 -0.73) (layer F.CrtYd) (width 0.05))
    (fp_line (start -1.65 0.73) (end -1.65 -0.73) (layer F.CrtYd) (width 0.05))
    (fp_line (start -0.171267 0.51) (end 0.171267 0.51) (layer F.SilkS) (width 0.12))
    (fp_line (start -0.171267 -0.51) (end 0.171267 -0.51) (layer F.SilkS) (width 0.12))
    (fp_line (start 0.8 0.4) (end -0.8 0.4) (layer F.Fab) (width 0.1))
    (fp_line (start 0.8 -0.4) (end 0.8 0.4) (layer F.Fab) (width 0.1))
    (fp_line (start -0.8 -0.4) (end 0.8 -0.4) (layer F.Fab) (width 0.1))
    (fp_line (start -0.8 0.4) (end -0.8 -0.4) (layer F.Fab) (width 0.1))
    (pad 2 smd roundrect (at 0.875 0) (size 1.05 0.95) (layers F.Cu F.Paste F.Mask) (roundrect_rratio 0.25)
      (net 1 GND))
    (pad 1 smd roundrect (at -0.875 0) (size 1.05 0.95) (layers F.Cu F.Paste F.Mask) (roundrect_rratio 0.25)
      (net 2 VCC))
    (model ${KISYS3DMOD}/Capacitor_SMD.3dshapes/C_0603_1608Metric.wrl
      (at (xyz 0 0 0))
      (scale (xyz 1 1 1))
      (rotate (xyz 0 0 0))
    )
  )

  (module Capacitor_SMD:C_0603_1608Metric_Pad1.05x0.95mm_HandSolder (layer F.Cu) (tedit 5B301BBE) (tstamp 5DA400A8)
    (at 121.92 110.49)
    (descr "Capacitor SMD 0603 (1608 Metric), square (rectangular) end terminal, IPC_7351 nominal with elongated pad for handsoldering. (Body size source: http://www.tortai-tech.com/upload/download/2011102023233369053.pdf), generated with kicad-footprint-generator")
    (tags "capacitor handsolder")
    (path /5D7A0BBE)
    (attr smd)
    (fp_text reference C6 (at 0 -1.43) (layer F.SilkS)
      (effects (font (size 1 1) (thickness 0.15)))
    )
    (fp_text value 1uF (at 0 1.43) (layer F.Fab)
      (effects (font (size 1 1) (thickness 0.15)))
    )
    (fp_line (start -0.8 0.4) (end -0.8 -0.4) (layer F.Fab) (width 0.1))
    (fp_line (start -0.8 -0.4) (end 0.8 -0.4) (layer F.Fab) (width 0.1))
    (fp_line (start 0.8 -0.4) (end 0.8 0.4) (layer F.Fab) (width 0.1))
    (fp_line (start 0.8 0.4) (end -0.8 0.4) (layer F.Fab) (width 0.1))
    (fp_line (start -0.171267 -0.51) (end 0.171267 -0.51) (layer F.SilkS) (width 0.12))
    (fp_line (start -0.171267 0.51) (end 0.171267 0.51) (layer F.SilkS) (width 0.12))
    (fp_line (start -1.65 0.73) (end -1.65 -0.73) (layer F.CrtYd) (width 0.05))
    (fp_line (start -1.65 -0.73) (end 1.65 -0.73) (layer F.CrtYd) (width 0.05))
    (fp_line (start 1.65 -0.73) (end 1.65 0.73) (layer F.CrtYd) (width 0.05))
    (fp_line (start 1.65 0.73) (end -1.65 0.73) (layer F.CrtYd) (width 0.05))
    (fp_text user %R (at 0 0) (layer F.Fab)
      (effects (font (size 0.4 0.4) (thickness 0.06)))
    )
    (pad 1 smd roundrect (at -0.875 0) (size 1.05 0.95) (layers F.Cu F.Paste F.Mask) (roundrect_rratio 0.25)
      (net 3 "Net-(C6-Pad1)"))
    (pad 2 smd roundrect (at 0.875 0) (size 1.05 0.95) (layers F.Cu F.Paste F.Mask) (roundrect_rratio 0.25)
      (net 1 GND))
    (model ${KISYS3DMOD}/Capacitor_SMD.3dshapes/C_0603_1608Metric.wrl
      (at (xyz 0 0 0))
      (scale (xyz 1 1 1))
      (rotate (xyz 0 0 0))
    )
  )

  (module Capacitor_SMD:C_0603_1608Metric_Pad1.05x0.95mm_HandSolder (layer F.Cu) (tedit 5B301BBE) (tstamp 5DA400B9)
    (at 136.906 99.06)
    (descr "Capacitor SMD 0603 (1608 Metric), square (rectangular) end terminal, IPC_7351 nominal with elongated pad for handsoldering. (Body size source: http://www.tortai-tech.com/upload/download/2011102023233369053.pdf), generated with kicad-footprint-generator")
    (tags "capacitor handsolder")
    (path /5D8B4EE6)
    (attr smd)
    (fp_text reference C7 (at 0 -1.43) (layer F.SilkS)
      (effects (font (size 1 1) (thickness 0.15)))
    )
    (fp_text value 22pF (at 0 1.43) (layer F.Fab)
      (effects (font (size 1 1) (thickness 0.15)))
    )
    (fp_line (start -0.8 0.4) (end -0.8 -0.4) (layer F.Fab) (width 0.1))
    (fp_line (start -0.8 -0.4) (end 0.8 -0.4) (layer F.Fab) (width 0.1))
    (fp_line (start 0.8 -0.4) (end 0.8 0.4) (layer F.Fab) (width 0.1))
    (fp_line (start 0.8 0.4) (end -0.8 0.4) (layer F.Fab) (width 0.1))
    (fp_line (start -0.171267 -0.51) (end 0.171267 -0.51) (layer F.SilkS) (width 0.12))
    (fp_line (start -0.171267 0.51) (end 0.171267 0.51) (layer F.SilkS) (width 0.12))
    (fp_line (start -1.65 0.73) (end -1.65 -0.73) (layer F.CrtYd) (width 0.05))
    (fp_line (start -1.65 -0.73) (end 1.65 -0.73) (layer F.CrtYd) (width 0.05))
    (fp_line (start 1.65 -0.73) (end 1.65 0.73) (layer F.CrtYd) (width 0.05))
    (fp_line (start 1.65 0.73) (end -1.65 0.73) (layer F.CrtYd) (width 0.05))
    (fp_text user %R (at 0 0) (layer F.Fab)
      (effects (font (size 0.4 0.4) (thickness 0.06)))
    )
    (pad 1 smd roundrect (at -0.875 0) (size 1.05 0.95) (layers F.Cu F.Paste F.Mask) (roundrect_rratio 0.25)
      (net 4 "Net-(C7-Pad1)"))
    (pad 2 smd roundrect (at 0.875 0) (size 1.05 0.95) (layers F.Cu F.Paste F.Mask) (roundrect_rratio 0.25)
      (net 1 GND))
    (model ${KISYS3DMOD}/Capacitor_SMD.3dshapes/C_0603_1608Metric.wrl
      (at (xyz 0 0 0))
      (scale (xyz 1 1 1))
      (rotate (xyz 0 0 0))
    )
  )

  (module Capacitor_SMD:C_0603_1608Metric_Pad1.05x0.95mm_HandSolder (layer F.Cu) (tedit 5B301BBE) (tstamp 5DA400CA)
    (at 135.89 105.41)
    (descr "Capacitor SMD 0603 (1608 Metric), square (rectangular) end terminal, IPC_7351 nominal with elongated pad for handsoldering. (Body size source: http://www.tortai-tech.com/upload/download/2011102023233369053.pdf), generated with kicad-footprint-generator")
    (tags "capacitor handsolder")
    (path /5D7AACAA)
    (attr smd)
    (fp_text reference C8 (at 0 -1.43) (layer F.SilkS)
      (effects (font (size 1 1) (thickness 0.15)))
    )
    (fp_text value 100uF (at 0 1.43) (layer F.Fab)
      (effects (font (size 1 1) (thickness 0.15)))
    )
    (fp_line (start -0.8 0.4) (end -0.8 -0.4) (layer F.Fab) (width 0.1))
    (fp_line (start -0.8 -0.4) (end 0.8 -0.4) (layer F.Fab) (width 0.1))
    (fp_line (start 0.8 -0.4) (end 0.8 0.4) (layer F.Fab) (width 0.1))
    (fp_line (start 0.8 0.4) (end -0.8 0.4) (layer F.Fab) (width 0.1))
    (fp_line (start -0.171267 -0.51) (end 0.171267 -0.51) (layer F.SilkS) (width 0.12))
    (fp_line (start -0.171267 0.51) (end 0.171267 0.51) (layer F.SilkS) (width 0.12))
    (fp_line (start -1.65 0.73) (end -1.65 -0.73) (layer F.CrtYd) (width 0.05))
    (fp_line (start -1.65 -0.73) (end 1.65 -0.73) (layer F.CrtYd) (width 0.05))
    (fp_line (start 1.65 -0.73) (end 1.65 0.73) (layer F.CrtYd) (width 0.05))
    (fp_line (start 1.65 0.73) (end -1.65 0.73) (layer F.CrtYd) (width 0.05))
    (fp_text user %R (at 0 0) (layer F.Fab)
      (effects (font (size 0.4 0.4) (thickness 0.06)))
    )
    (pad 1 smd roundrect (at -0.875 0) (size 1.05 0.95) (layers F.Cu F.Paste F.Mask) (roundrect_rratio 0.25)
      (net 5 /ToDebugConnector))
    (pad 2 smd roundrect (at 0.875 0) (size 1.05 0.95) (layers F.Cu F.Paste F.Mask) (roundrect_rratio 0.25)
      (net 1 GND))
    (model ${KISYS3DMOD}/Capacitor_SMD.3dshapes/C_0603_1608Metric.wrl
      (at (xyz 0 0 0))
      (scale (xyz 1 1 1))
      (rotate (xyz 0 0 0))
    )
  )

  (module Capacitor_SMD:C_0603_1608Metric_Pad1.05x0.95mm_HandSolder (layer F.Cu) (tedit 5B301BBE) (tstamp 5DA400DB)
    (at 140.603 107.696)
    (descr "Capacitor SMD 0603 (1608 Metric), square (rectangular) end terminal, IPC_7351 nominal with elongated pad for handsoldering. (Body size source: http://www.tortai-tech.com/upload/download/2011102023233369053.pdf), generated with kicad-footprint-generator")
    (tags "capacitor handsolder")
    (path /5D8B533C)
    (attr smd)
    (fp_text reference C9 (at 0 -1.43) (layer F.SilkS)
      (effects (font (size 1 1) (thickness 0.15)))
    )
    (fp_text value 22pF (at 0 1.43) (layer F.Fab)
      (effects (font (size 1 1) (thickness 0.15)))
    )
    (fp_text user %R (at 0 0) (layer F.Fab)
      (effects (font (size 0.4 0.4) (thickness 0.06)))
    )
    (fp_line (start 1.65 0.73) (end -1.65 0.73) (layer F.CrtYd) (width 0.05))
    (fp_line (start 1.65 -0.73) (end 1.65 0.73) (layer F.CrtYd) (width 0.05))
    (fp_line (start -1.65 -0.73) (end 1.65 -0.73) (layer F.CrtYd) (width 0.05))
    (fp_line (start -1.65 0.73) (end -1.65 -0.73) (layer F.CrtYd) (width 0.05))
    (fp_line (start -0.171267 0.51) (end 0.171267 0.51) (layer F.SilkS) (width 0.12))
    (fp_line (start -0.171267 -0.51) (end 0.171267 -0.51) (layer F.SilkS) (width 0.12))
    (fp_line (start 0.8 0.4) (end -0.8 0.4) (layer F.Fab) (width 0.1))
    (fp_line (start 0.8 -0.4) (end 0.8 0.4) (layer F.Fab) (width 0.1))
    (fp_line (start -0.8 -0.4) (end 0.8 -0.4) (layer F.Fab) (width 0.1))
    (fp_line (start -0.8 0.4) (end -0.8 -0.4) (layer F.Fab) (width 0.1))
    (pad 2 smd roundrect (at 0.875 0) (size 1.05 0.95) (layers F.Cu F.Paste F.Mask) (roundrect_rratio 0.25)
      (net 1 GND))
    (pad 1 smd roundrect (at -0.875 0) (size 1.05 0.95) (layers F.Cu F.Paste F.Mask) (roundrect_rratio 0.25)
      (net 6 "Net-(C9-Pad1)"))
    (model ${KISYS3DMOD}/Capacitor_SMD.3dshapes/C_0603_1608Metric.wrl
      (at (xyz 0 0 0))
      (scale (xyz 1 1 1))
      (rotate (xyz 0 0 0))
    )
  )

  (module Capacitor_SMD:C_0603_1608Metric_Pad1.05x0.95mm_HandSolder (layer F.Cu) (tedit 5B301BBE) (tstamp 5DA400EC)
    (at 143.623 83.82)
    (descr "Capacitor SMD 0603 (1608 Metric), square (rectangular) end terminal, IPC_7351 nominal with elongated pad for handsoldering. (Body size source: http://www.tortai-tech.com/upload/download/2011102023233369053.pdf), generated with kicad-footprint-generator")
    (tags "capacitor handsolder")
    (path /5D7A0CB9)
    (attr smd)
    (fp_text reference C10 (at 0 -1.43) (layer F.SilkS)
      (effects (font (size 1 1) (thickness 0.15)))
    )
    (fp_text value 1uF (at 0 1.43) (layer F.Fab)
      (effects (font (size 1 1) (thickness 0.15)))
    )
    (fp_text user %R (at 0 0) (layer F.Fab)
      (effects (font (size 0.4 0.4) (thickness 0.06)))
    )
    (fp_line (start 1.65 0.73) (end -1.65 0.73) (layer F.CrtYd) (width 0.05))
    (fp_line (start 1.65 -0.73) (end 1.65 0.73) (layer F.CrtYd) (width 0.05))
    (fp_line (start -1.65 -0.73) (end 1.65 -0.73) (layer F.CrtYd) (width 0.05))
    (fp_line (start -1.65 0.73) (end -1.65 -0.73) (layer F.CrtYd) (width 0.05))
    (fp_line (start -0.171267 0.51) (end 0.171267 0.51) (layer F.SilkS) (width 0.12))
    (fp_line (start -0.171267 -0.51) (end 0.171267 -0.51) (layer F.SilkS) (width 0.12))
    (fp_line (start 0.8 0.4) (end -0.8 0.4) (layer F.Fab) (width 0.1))
    (fp_line (start 0.8 -0.4) (end 0.8 0.4) (layer F.Fab) (width 0.1))
    (fp_line (start -0.8 -0.4) (end 0.8 -0.4) (layer F.Fab) (width 0.1))
    (fp_line (start -0.8 0.4) (end -0.8 -0.4) (layer F.Fab) (width 0.1))
    (pad 2 smd roundrect (at 0.875 0) (size 1.05 0.95) (layers F.Cu F.Paste F.Mask) (roundrect_rratio 0.25)
      (net 1 GND))
    (pad 1 smd roundrect (at -0.875 0) (size 1.05 0.95) (layers F.Cu F.Paste F.Mask) (roundrect_rratio 0.25)
      (net 2 VCC))
    (model ${KISYS3DMOD}/Capacitor_SMD.3dshapes/C_0603_1608Metric.wrl
      (at (xyz 0 0 0))
      (scale (xyz 1 1 1))
      (rotate (xyz 0 0 0))
    )
  )

  (module Capacitor_SMD:C_0603_1608Metric_Pad1.05x0.95mm_HandSolder (layer F.Cu) (tedit 5B301BBE) (tstamp 5DA400FD)
    (at 167.64 106.172)
    (descr "Capacitor SMD 0603 (1608 Metric), square (rectangular) end terminal, IPC_7351 nominal with elongated pad for handsoldering. (Body size source: http://www.tortai-tech.com/upload/download/2011102023233369053.pdf), generated with kicad-footprint-generator")
    (tags "capacitor handsolder")
    (path /5D8253F2)
    (attr smd)
    (fp_text reference C11 (at 0 -1.43) (layer F.SilkS)
      (effects (font (size 1 1) (thickness 0.15)))
    )
    (fp_text value 0.1uF (at 0 1.43) (layer F.Fab)
      (effects (font (size 1 1) (thickness 0.15)))
    )
    (fp_line (start -0.8 0.4) (end -0.8 -0.4) (layer F.Fab) (width 0.1))
    (fp_line (start -0.8 -0.4) (end 0.8 -0.4) (layer F.Fab) (width 0.1))
    (fp_line (start 0.8 -0.4) (end 0.8 0.4) (layer F.Fab) (width 0.1))
    (fp_line (start 0.8 0.4) (end -0.8 0.4) (layer F.Fab) (width 0.1))
    (fp_line (start -0.171267 -0.51) (end 0.171267 -0.51) (layer F.SilkS) (width 0.12))
    (fp_line (start -0.171267 0.51) (end 0.171267 0.51) (layer F.SilkS) (width 0.12))
    (fp_line (start -1.65 0.73) (end -1.65 -0.73) (layer F.CrtYd) (width 0.05))
    (fp_line (start -1.65 -0.73) (end 1.65 -0.73) (layer F.CrtYd) (width 0.05))
    (fp_line (start 1.65 -0.73) (end 1.65 0.73) (layer F.CrtYd) (width 0.05))
    (fp_line (start 1.65 0.73) (end -1.65 0.73) (layer F.CrtYd) (width 0.05))
    (fp_text user %R (at 0 0) (layer F.Fab)
      (effects (font (size 0.4 0.4) (thickness 0.06)))
    )
    (pad 1 smd roundrect (at -0.875 0) (size 1.05 0.95) (layers F.Cu F.Paste F.Mask) (roundrect_rratio 0.25)
      (net 1 GND))
    (pad 2 smd roundrect (at 0.875 0) (size 1.05 0.95) (layers F.Cu F.Paste F.Mask) (roundrect_rratio 0.25)
      (net 2 VCC))
    (model ${KISYS3DMOD}/Capacitor_SMD.3dshapes/C_0603_1608Metric.wrl
      (at (xyz 0 0 0))
      (scale (xyz 1 1 1))
      (rotate (xyz 0 0 0))
    )
  )

  (module stm32f070-board:LED_VISHAY (layer F.Cu) (tedit 5D91FE0F) (tstamp 5DA40111)
    (at 174.498 77.978)
    (path /5D7A0C7B)
    (fp_text reference D1 (at 0 -2.95) (layer F.SilkS)
      (effects (font (size 1 1) (thickness 0.15)))
    )
    (fp_text value PWR_LED (at 0 6) (layer F.Fab)
      (effects (font (size 1 1) (thickness 0.15)))
    )
    (fp_line (start -0.4 -0.8) (end 0.4 -0.8) (layer F.Fab) (width 0.15))
    (fp_line (start -0.4 -0.8) (end -0.4 0.8) (layer F.Fab) (width 0.15))
    (fp_line (start -0.4 0.8) (end 0.4 0.8) (layer F.Fab) (width 0.15))
    (fp_line (start 0.4 0.8) (end 0.4 -0.8) (layer F.Fab) (width 0.15))
    (fp_text user REF** (at 0.4 4.4 180) (layer F.Fab)
      (effects (font (size 1 1) (thickness 0.15)))
    )
    (fp_line (start -0.908 -1.308) (end 0.908 -1.308) (layer F.CrtYd) (width 0.15))
    (fp_line (start 0.908 -1.308) (end 0.908 1.308) (layer F.CrtYd) (width 0.15))
    (fp_line (start -0.908 -1.308) (end -0.908 1.308) (layer F.CrtYd) (width 0.15))
    (fp_line (start -0.908 1.308) (end 0.908 1.308) (layer F.CrtYd) (width 0.15))
    (fp_text user A (at 1.45 -0.8) (layer F.SilkS)
      (effects (font (size 1 1) (thickness 0.15)))
    )
    (fp_line (start -0.908 -1.308) (end 0.908 -1.308) (layer F.SilkS) (width 0.15))
    (fp_line (start -0.908 -1.308) (end -0.908 1.308) (layer F.SilkS) (width 0.15))
    (fp_line (start -0.908 1.308) (end 0.908 1.308) (layer F.SilkS) (width 0.15))
    (fp_line (start 0.908 -1.308) (end 0.908 1.308) (layer F.SilkS) (width 0.15))
    (pad 2 smd rect (at 0 -0.725) (size 0.8 0.6) (layers F.Cu F.Paste F.Mask)
      (net 7 "Net-(D1-Pad2)"))
    (pad 1 smd rect (at 0 0.725) (size 0.8 0.6) (layers F.Cu F.Paste F.Mask)
      (net 1 GND))
  )

  (module stm32f070-board:LED_VISHAY (layer F.Cu) (tedit 5D91FE0F) (tstamp 5DA40125)
    (at 161.679001 86.947001)
    (path /5D7DA43F)
    (fp_text reference D2 (at 0 -2.95) (layer F.SilkS)
      (effects (font (size 1 1) (thickness 0.15)))
    )
    (fp_text value USR_LED2 (at 0 6) (layer F.Fab)
      (effects (font (size 1 1) (thickness 0.15)))
    )
    (fp_line (start 0.908 -1.308) (end 0.908 1.308) (layer F.SilkS) (width 0.15))
    (fp_line (start -0.908 1.308) (end 0.908 1.308) (layer F.SilkS) (width 0.15))
    (fp_line (start -0.908 -1.308) (end -0.908 1.308) (layer F.SilkS) (width 0.15))
    (fp_line (start -0.908 -1.308) (end 0.908 -1.308) (layer F.SilkS) (width 0.15))
    (fp_text user A (at 1.45 -0.8) (layer F.SilkS)
      (effects (font (size 1 1) (thickness 0.15)))
    )
    (fp_line (start -0.908 1.308) (end 0.908 1.308) (layer F.CrtYd) (width 0.15))
    (fp_line (start -0.908 -1.308) (end -0.908 1.308) (layer F.CrtYd) (width 0.15))
    (fp_line (start 0.908 -1.308) (end 0.908 1.308) (layer F.CrtYd) (width 0.15))
    (fp_line (start -0.908 -1.308) (end 0.908 -1.308) (layer F.CrtYd) (width 0.15))
    (fp_text user REF** (at 0.4 4.4 180) (layer F.Fab)
      (effects (font (size 1 1) (thickness 0.15)))
    )
    (fp_line (start 0.4 0.8) (end 0.4 -0.8) (layer F.Fab) (width 0.15))
    (fp_line (start -0.4 0.8) (end 0.4 0.8) (layer F.Fab) (width 0.15))
    (fp_line (start -0.4 -0.8) (end -0.4 0.8) (layer F.Fab) (width 0.15))
    (fp_line (start -0.4 -0.8) (end 0.4 -0.8) (layer F.Fab) (width 0.15))
    (pad 1 smd rect (at 0 0.725) (size 0.8 0.6) (layers F.Cu F.Paste F.Mask)
      (net 8 "Net-(D2-Pad1)"))
    (pad 2 smd rect (at 0 -0.725) (size 0.8 0.6) (layers F.Cu F.Paste F.Mask)
      (net 9 "Net-(D2-Pad2)"))
  )

  (module stm32f070-board:PLCC6 (layer F.Cu) (tedit 5D9706BA) (tstamp 5DA4013C)
    (at 198.628 87.884)
    (descr PLCC6)
    (tags LED)
    (path /5D801829)
    (attr smd)
    (fp_text reference D3 (at -0.019 -0.396) (layer F.SilkS)
      (effects (font (size 1.27 1.27) (thickness 0.254)))
    )
    (fp_text value LED_RGB (at -0.019 -0.396) (layer F.SilkS) hide
      (effects (font (size 1.27 1.27) (thickness 0.254)))
    )
    (fp_text user %R (at -0.019 -0.396) (layer F.Fab)
      (effects (font (size 1.27 1.27) (thickness 0.254)))
    )
    (fp_line (start -1.7 -1.7) (end 1.7 -1.7) (layer F.Fab) (width 0.2))
    (fp_line (start 1.7 -1.7) (end 1.7 1.7) (layer F.Fab) (width 0.2))
    (fp_line (start 1.7 1.7) (end -1.7 1.7) (layer F.Fab) (width 0.2))
    (fp_line (start -1.7 1.7) (end -1.7 -1.7) (layer F.Fab) (width 0.2))
    (fp_line (start -1.7 -1.7) (end 1.7 -1.7) (layer F.SilkS) (width 0.2))
    (fp_line (start 1.7 1.7) (end -1.7 1.7) (layer F.SilkS) (width 0.2))
    (fp_circle (center -2.797 -1.055) (end -2.797 -1.023) (layer F.SilkS) (width 0.2))
    (fp_circle (center -2.797 -1.055) (end -2.765 -1.055) (layer F.Fab) (width 0.2))
    (fp_line (start -3 -2.05) (end -3 2.1) (layer F.CrtYd) (width 0.15))
    (fp_line (start -3 2.1) (end 2.975 2.1) (layer F.CrtYd) (width 0.15))
    (fp_line (start 2.975 2.1) (end 2.975 -2) (layer F.CrtYd) (width 0.15))
    (fp_line (start 2.975 -2) (end -3.025 -2.025) (layer F.CrtYd) (width 0.15))
    (pad 1 smd rect (at -1.7 -1.05 90) (size 0.7 1.6) (layers F.Cu F.Paste F.Mask)
      (net 10 "Net-(D3-Pad1)"))
    (pad 2 smd rect (at -1.7 0 90) (size 0.7 1.6) (layers F.Cu F.Paste F.Mask)
      (net 11 "Net-(D3-Pad2)"))
    (pad 3 smd rect (at -1.7 1.05 90) (size 0.7 1.6) (layers F.Cu F.Paste F.Mask)
      (net 12 "Net-(D3-Pad3)"))
    (pad 4 smd rect (at 1.7 1.05 90) (size 0.7 1.6) (layers F.Cu F.Paste F.Mask)
      (net 13 "Net-(D3-Pad4)"))
    (pad 5 smd rect (at 1.7 0 90) (size 0.7 1.6) (layers F.Cu F.Paste F.Mask)
      (net 14 "Net-(D3-Pad5)"))
    (pad 6 smd rect (at 1.7 -1.05 90) (size 0.7 1.6) (layers F.Cu F.Paste F.Mask)
      (net 15 "Net-(D3-Pad6)"))
  )

  (module stm32f070-board:LED_VISHAY (layer F.Cu) (tedit 5D91FE0F) (tstamp 5DA40150)
    (at 158.496 107.659)
    (path /5D7D3C44)
    (fp_text reference D4 (at 0 -2.95) (layer F.SilkS)
      (effects (font (size 1 1) (thickness 0.15)))
    )
    (fp_text value USR_LED1 (at 0 6) (layer F.Fab)
      (effects (font (size 1 1) (thickness 0.15)))
    )
    (fp_line (start -0.4 -0.8) (end 0.4 -0.8) (layer F.Fab) (width 0.15))
    (fp_line (start -0.4 -0.8) (end -0.4 0.8) (layer F.Fab) (width 0.15))
    (fp_line (start -0.4 0.8) (end 0.4 0.8) (layer F.Fab) (width 0.15))
    (fp_line (start 0.4 0.8) (end 0.4 -0.8) (layer F.Fab) (width 0.15))
    (fp_text user REF** (at 0.4 4.4 180) (layer F.Fab)
      (effects (font (size 1 1) (thickness 0.15)))
    )
    (fp_line (start -0.908 -1.308) (end 0.908 -1.308) (layer F.CrtYd) (width 0.15))
    (fp_line (start 0.908 -1.308) (end 0.908 1.308) (layer F.CrtYd) (width 0.15))
    (fp_line (start -0.908 -1.308) (end -0.908 1.308) (layer F.CrtYd) (width 0.15))
    (fp_line (start -0.908 1.308) (end 0.908 1.308) (layer F.CrtYd) (width 0.15))
    (fp_text user A (at 1.45 -0.8) (layer F.SilkS)
      (effects (font (size 1 1) (thickness 0.15)))
    )
    (fp_line (start -0.908 -1.308) (end 0.908 -1.308) (layer F.SilkS) (width 0.15))
    (fp_line (start -0.908 -1.308) (end -0.908 1.308) (layer F.SilkS) (width 0.15))
    (fp_line (start -0.908 1.308) (end 0.908 1.308) (layer F.SilkS) (width 0.15))
    (fp_line (start 0.908 -1.308) (end 0.908 1.308) (layer F.SilkS) (width 0.15))
    (pad 2 smd rect (at 0 -0.725) (size 0.8 0.6) (layers F.Cu F.Paste F.Mask)
      (net 16 "Net-(D4-Pad2)"))
    (pad 1 smd rect (at 0 0.725) (size 0.8 0.6) (layers F.Cu F.Paste F.Mask)
      (net 17 "Net-(D4-Pad1)"))
  )

  (module stm32f070-board:usb (layer F.Cu) (tedit 0) (tstamp 5DA40168)
    (at 196.088 125.222)
    (descr 47346-0001)
    (tags Connector)
    (path /5D7A0AEB)
    (attr smd)
    (fp_text reference J1 (at -0.313 3.58) (layer F.SilkS)
      (effects (font (size 1.27 1.27) (thickness 0.254)))
    )
    (fp_text value USB_B_Micro (at -0.313 3.58) (layer F.SilkS) hide
      (effects (font (size 1.27 1.27) (thickness 0.254)))
    )
    (fp_text user %R (at -0.313 3.58) (layer F.Fab)
      (effects (font (size 1.27 1.27) (thickness 0.254)))
    )
    (fp_line (start -3.75 0) (end 3.75 0) (layer F.Fab) (width 0.2))
    (fp_line (start 3.75 0) (end 3.75 5) (layer F.Fab) (width 0.2))
    (fp_line (start 3.75 5) (end -3.75 5) (layer F.Fab) (width 0.2))
    (fp_line (start -3.75 5) (end -3.75 0) (layer F.Fab) (width 0.2))
    (fp_line (start -3.75 0) (end 3.75 0) (layer F.SilkS) (width 0.2))
    (fp_line (start 3.75 5) (end 3.75 3.373) (layer F.SilkS) (width 0.2))
    (fp_line (start -3.75 5) (end -3.75 3.373) (layer F.SilkS) (width 0.2))
    (fp_circle (center 1.572 5.79) (end 1.572 5.83589) (layer F.SilkS) (width 0.2))
    (pad 1 smd rect (at 1.3 4.81) (size 0.45 1.38) (layers F.Cu F.Paste F.Mask)
      (net 3 "Net-(C6-Pad1)"))
    (pad 2 smd rect (at 0.65 4.81) (size 0.45 1.38) (layers F.Cu F.Paste F.Mask)
      (net 18 /USB_DM))
    (pad 3 smd rect (at 0 4.81) (size 0.45 1.38) (layers F.Cu F.Paste F.Mask)
      (net 19 /USB_DP))
    (pad 4 smd rect (at -0.65 4.81) (size 0.45 1.38) (layers F.Cu F.Paste F.Mask)
      (net 20 "Net-(J1-Pad4)"))
    (pad 5 smd rect (at -1.3 4.81) (size 0.45 1.38) (layers F.Cu F.Paste F.Mask)
      (net 1 GND))
    (pad 6 smd rect (at -2.4525 4.45) (size 1.475 2.1) (layers F.Cu F.Paste F.Mask)
      (net 1 GND))
    (pad 7 smd rect (at 2.4525 4.45) (size 1.475 2.1) (layers F.Cu F.Paste F.Mask))
    (pad 8 smd rect (at 0.8375 2.15) (size 1.175 1.9) (layers F.Cu F.Paste F.Mask))
    (pad 9 smd rect (at -0.8375 2.15) (size 1.175 1.9) (layers F.Cu F.Paste F.Mask))
    (pad 10 smd rect (at 2.9125 2.15 90) (size 1.9 2.375) (layers F.Cu F.Paste F.Mask))
    (pad 11 smd rect (at -2.9125 2.15 90) (size 1.9 2.375) (layers F.Cu F.Paste F.Mask))
  )

  (module stm32f070-board:usb (layer F.Cu) (tedit 0) (tstamp 5DA40180)
    (at 93.98 116.078)
    (descr 47346-0001)
    (tags Connector)
    (path /5D8A34F0)
    (attr smd)
    (fp_text reference J2 (at -0.313 3.58) (layer F.SilkS)
      (effects (font (size 1.27 1.27) (thickness 0.254)))
    )
    (fp_text value USB_B_Micro (at -0.313 3.58) (layer F.SilkS) hide
      (effects (font (size 1.27 1.27) (thickness 0.254)))
    )
    (fp_circle (center 1.572 5.79) (end 1.572 5.83589) (layer F.SilkS) (width 0.2))
    (fp_line (start -3.75 5) (end -3.75 3.373) (layer F.SilkS) (width 0.2))
    (fp_line (start 3.75 5) (end 3.75 3.373) (layer F.SilkS) (width 0.2))
    (fp_line (start -3.75 0) (end 3.75 0) (layer F.SilkS) (width 0.2))
    (fp_line (start -3.75 5) (end -3.75 0) (layer F.Fab) (width 0.2))
    (fp_line (start 3.75 5) (end -3.75 5) (layer F.Fab) (width 0.2))
    (fp_line (start 3.75 0) (end 3.75 5) (layer F.Fab) (width 0.2))
    (fp_line (start -3.75 0) (end 3.75 0) (layer F.Fab) (width 0.2))
    (fp_text user %R (at -0.313 3.58) (layer F.Fab)
      (effects (font (size 1.27 1.27) (thickness 0.254)))
    )
    (pad 11 smd rect (at -2.9125 2.15 90) (size 1.9 2.375) (layers F.Cu F.Paste F.Mask))
    (pad 10 smd rect (at 2.9125 2.15 90) (size 1.9 2.375) (layers F.Cu F.Paste F.Mask))
    (pad 9 smd rect (at -0.8375 2.15) (size 1.175 1.9) (layers F.Cu F.Paste F.Mask))
    (pad 8 smd rect (at 0.8375 2.15) (size 1.175 1.9) (layers F.Cu F.Paste F.Mask))
    (pad 7 smd rect (at 2.4525 4.45) (size 1.475 2.1) (layers F.Cu F.Paste F.Mask))
    (pad 6 smd rect (at -2.4525 4.45) (size 1.475 2.1) (layers F.Cu F.Paste F.Mask)
      (net 1 GND))
    (pad 5 smd rect (at -1.3 4.81) (size 0.45 1.38) (layers F.Cu F.Paste F.Mask)
      (net 1 GND))
    (pad 4 smd rect (at -0.65 4.81) (size 0.45 1.38) (layers F.Cu F.Paste F.Mask)
      (net 21 "Net-(J2-Pad4)"))
    (pad 3 smd rect (at 0 4.81) (size 0.45 1.38) (layers F.Cu F.Paste F.Mask)
      (net 22 "Net-(J2-Pad3)"))
    (pad 2 smd rect (at 0.65 4.81) (size 0.45 1.38) (layers F.Cu F.Paste F.Mask)
      (net 23 "Net-(J2-Pad2)"))
    (pad 1 smd rect (at 1.3 4.81) (size 0.45 1.38) (layers F.Cu F.Paste F.Mask)
      (net 24 "Net-(J2-Pad1)"))
  )

  (module Connector_PinHeader_1.00mm:PinHeader_1x05_P1.00mm_Vertical (layer F.Cu) (tedit 59FED738) (tstamp 5DA4019B)
    (at 184.15 86.614)
    (descr "Through hole straight pin header, 1x05, 1.00mm pitch, single row")
    (tags "Through hole pin header THT 1x05 1.00mm single row")
    (path /5D7FD58A)
    (fp_text reference J3 (at 0 -1.56) (layer F.SilkS)
      (effects (font (size 1 1) (thickness 0.15)))
    )
    (fp_text value Conn_01x05_Male (at 0 5.56) (layer F.Fab)
      (effects (font (size 1 1) (thickness 0.15)))
    )
    (fp_line (start -0.3175 -0.5) (end 0.635 -0.5) (layer F.Fab) (width 0.1))
    (fp_line (start 0.635 -0.5) (end 0.635 4.5) (layer F.Fab) (width 0.1))
    (fp_line (start 0.635 4.5) (end -0.635 4.5) (layer F.Fab) (width 0.1))
    (fp_line (start -0.635 4.5) (end -0.635 -0.1825) (layer F.Fab) (width 0.1))
    (fp_line (start -0.635 -0.1825) (end -0.3175 -0.5) (layer F.Fab) (width 0.1))
    (fp_line (start -0.695 4.56) (end -0.394493 4.56) (layer F.SilkS) (width 0.12))
    (fp_line (start 0.394493 4.56) (end 0.695 4.56) (layer F.SilkS) (width 0.12))
    (fp_line (start -0.695 0.685) (end -0.695 4.56) (layer F.SilkS) (width 0.12))
    (fp_line (start 0.695 0.685) (end 0.695 4.56) (layer F.SilkS) (width 0.12))
    (fp_line (start -0.695 0.685) (end -0.608276 0.685) (layer F.SilkS) (width 0.12))
    (fp_line (start 0.608276 0.685) (end 0.695 0.685) (layer F.SilkS) (width 0.12))
    (fp_line (start -0.695 0) (end -0.695 -0.685) (layer F.SilkS) (width 0.12))
